-2742 -608
-2728 -320
-2716 5921
-2714 -1204
-2705 -1252
-2695 -1127
-2687 -1119
-2686 -1130
-2684 -1134
-2666 -54
-2664 -669
-2638 1968
-2636 -19
-2629 -813
-2627 -814
-2587 6011
-2584 -214
-2572 -959
-2558 -232
-2487 -446
-2485 -447
-2482 -447
-2475 -445
-2474 -445
-2470 -499
-2455 1095
-2424 190
-2402 -205
-2391 908
-2390 975
-2385 462
-2378 -368
-2366 1423
-2364 2106
-2358 -1058
-2352 -21
-2350 -21
-2344 -1115
-2325 -1237
-2308 -471
-2303 4599
-2296 -952
-2270 -489
-2269 -487
-2251 -338
-2241 -785
-2228 -733
-2225 -994
-2222 -279
-2213 -449
-2195 -613
-2162 -264
-2161 -268
-2161 5921
-2158 -264
-2140 -809
-2139 -809
-2138 -810
-2137 -810
-2137 -809
-2105 -1085
-2080 1454
-2078 1409
-2073 -445
-2053 -568
-2048 -260
-2047 -259
-2038 222
-2037 2681
-2029 -305
-1979 -1425
-1959 723
-1928 1462
-1919 -1293
-1918 1358
-1918 7321
-1914 -1304
-1910 -1299
-1906 -1332
-1902 1078
-1894 -907
-1885 -865
-1884 -865
-1879 -866
-1871 1202
-1870 -774
-1868 1198
-1863 -1333
-1855 7815
-1854 -1339
-1851 1581
-1850 1585
-1839 -424
-1831 -880
-1823 553
-1822 553
-1819 553
-1818 553
-1794 1289
-1788 -982
-1787 -984
-1761 -1215
-1741 981
-1740 981
-1739 981
-1738 981
-1709 -1391
-1708 -1386
-1694 5039
-1681 1101
-1677 1101
-1618 302
-1613 302
-1605 -1002
-1601 -1010
-1598 -361
-1585 -386
-1583 -379
-1582 -377
-1581 -383
-1579 -391
-1557 -949
-1553 1358
-1545 -351
-1526 7815
-1525 -830
-1510 504
-1414 1708
-1396 715
-1382 2098
-1381 873
-1380 1708
-1379 1408
-1378 141
-1377 202
-1377 214
-1377 605
-1376 1707
-1371 340
-1371 2116
-1336 1384
-1335 -1193
-1335 -998
-1335 -571
-1335 1326
-1334 -1335
-1333 -1863
-1333 -1335
-1318 1684
-1316 1684
-1234 170
-1226 921
-1215 -1761
-1207 -1239
-1206 799
-1193 -1335
-1137 -1335
-1135 1356
-1134 -2684
-1119 -2687
-1119 1227
-1119 1345
-1115 -2344
-1112 -1111
-1103 938
-1088 1331
-1085 -2105
-1081 -404
-1081 1507
-1073 400
-1068 1463
-1058 -2358
-1056 1318
-1054 -1068
-1046 892
-1023 567
-1021 567
-1008 -1591
-1007 908
-999 -2240
-998 -1335
-998 1326
-994 -2225
-977 -981
-973 194
-959 -2572
-955 254
-953 -232
-952 -2296
-948 437
-947 87
-943 87
-933 358
-927 2156
-922 1673
-915 375
-904 -905
-880 -1831
-876 361
-864 675
-862 408
-822 -269
-822 -21
-822 1423
-819 1039
-819 1224
-814 -2627
-810 -2137
-810 -809
-810 1371
-809 -2140
-809 -2139
-809 -810
-809 1371
-797 865
-785 -2241
-777 1198
-777 1289
-771 1368
-760 -761
-713 804
-711 -712
-685 146
-667 683
-665 734
-663 1492
-657 425
-657 1698
-656 446
-643 392
-641 291
-638 429
-637 382
-634 369
-634 749
-633 745
-632 261
-629 1694
-613 -2195
-613 1382
-608 -2742
-608 4622
-600 -850
-600 490
-600 827
-592 -21
-576 1130
-571 -1335
-562 492
-554 221
-552 770
-540 110
-532 -530
-530 -532
-528 277
-524 387
-522 2213
-520 158
-513 767
-509 629
-479 1518
-478 -1335
-474 -21
-471 -2308
-449 -2213
-448 -449
-447 -2482
-446 -617
-445 -2474
-445 1417
-444 -615
-425 630
-413 719
-409 634
-398 1066
-383 -1581
-376 1529
-371 -1335
-360 -362
-359 1092
-358 -355
-350 -352
-348 857
-332 370
-295 381
-293 1618
-286 2131
-280 -1189
-279 -2222
-271 1409
-271 1534
-269 -270
-260 -2048
-259 -2047
-250 989
-235 1664
-233 1486
-196 967
-188 83
-187 438
-185 438
-173 93
-162 2074
-156 98
-156 128
-149 2115
-140 -141
-118 248
-112 2043
-81 489
-81 541
-63 650
-45 172
-44 210
-24 322
-21 -2352
-21 -2350
-21 1325
-21 1423
-21 1582
-21 3649
-20 -1068
-17 -984
-17 1403
-13 216
-13 2094
-12 419
-10 -9
-1 126
-1 266
